1 91.55 11.60
2 322.22 14.14
3 237.22 13.53
4 156.80 12.07
5 181.05 12.60
6 131.80 11.89
7 113.05 12.11
8 139.30 11.94
9 124.30 11.60
10 261.72 13.71
11 249.72 13.53
12 87.30 11.93
13 159.55 12.09
14 193.55 12.69
15 74.05 11.47
16 273.97 13.79
17 259.22 13.69
18 99.30 11.89
19 129.55 12.23
20 184.80 12.27
21 86.30 11.92
22 134.55 11.91
23 138.30 11.94
24 303.72 14.01
25 124.55 11.83
26 127.30 12.21
27 138.30 11.94
28 130.55 12.24
29 70.80 11.45
30 301.22 13.99
31 274.72 13.80
32 125.30 11.84
33 79.30 11.87
34 180.55 12.24
35 124.05 12.19
36 138.30 11.94
37 152.22 12.92
38 254.97 13.66
39 154.30 12.05
40 119.05 12.15
41 147.05 12.00
42 169.80 12.52
43 78.30 11.50
44 287.22 13.89
45 179.97 13.12
46 76.30 11.49
47 189.80 12.66
48 134.05 11.90
49 113.80 12.12
50 165.05 12.13
51 236.22 13.52
52 200.72 13.27
53 95.80 11.63
54 125.05 12.20
55 182.80 12.25
56 193.30 12.69
57 78.55 11.50
58 213.47 13.36
59 316.72 14.10
