1 4.77 71.5 2.57
2 8.68 130.25 4.69
3 8.68 130.25 4.69
5 6.30 94.5 3.40
4 4.77 71.5 2.57
6 4.77 71.5 2.57
7 6.30 94.5 3.40
8 4.77 71.5 2.57
9 8.68 130.25 4.69
10 8.68 130.25 4.69
11 4.77 71.5 2.57
12 6.30 94.5 3.40
13 4.77 71.5 2.57
14 6.30 94.5 3.40
15 4.77 71.5 2.57
16 8.68 130.25 4.69
17 8.68 130.25 4.69
18 4.77 71.5 2.57
19 6.30 94.5 3.40
20 4.77 71.5 2.57
21 6.30 94.5 3.40
22 4.77 71.5 2.57
23 8.68 130.25 4.69
24 8.68 130.25 4.69
25 4.77 71.5 2.57
26 6.30 94.5 3.40
27 4.77 71.5 2.57
28 6.30 94.5 3.40
29 4.77 71.5 2.57
30 8.68 130.25 4.69
31 8.68 130.25 4.69
32 4.77 71.5 2.57
33 6.30 94.5 3.40
34 4.77 71.5 2.57
35 6.30 94.5 3.40
36 4.77 71.5 2.57
37 8.68 130.25 4.69
38 8.68 130.25 4.69
39 4.77 71.5 2.57
40 6.30 94.5 3.40
41 4.77 71.5 2.57
42 6.30 94.5 3.40
43 4.77 71.5 2.57
44 8.68 130.25 4.69
45 8.68 130.25 4.69
46 4.77 71.5 2.57
47 6.30 94.5 3.40
49 6.30 94.5 3.40
48 4.77 71.5 2.57
50 4.77 71.5 2.57
51 8.68 130.25 4.69
52 8.68 130.25 4.69
53 4.77 71.5 2.57
54 6.30 94.5 3.40
55 4.77 71.5 2.57
56 6.30 94.5 3.40
57 4.77 71.5 2.57
58 8.68 130.25 4.69
59 8.68 130.25 4.69
