1 110 0.36
2 191 0.63
3 191 0.63
4 110 0.36
5 136 0.45
6 110 0.36
7 136 0.45
8 110 0.36
9 191 0.63
10 191 0.63
11 110 0.36
12 136 0.45
13 110 0.36
14 136 0.45
15 110 0.36
16 191 0.63
17 191 0.63
18 110 0.36
19 136 0.45
20 110 0.36
21 136 0.45
22 110 0.36
23 191 0.63
24 191 0.63
25 110 0.36
26 136 0.45
27 110 0.36
28 136 0.45
29 110 0.36
30 191 0.63
31 191 0.63
32 110 0.36
33 136 0.45
34 110 0.36
35 136 0.45
36 110 0.36
37 191 0.63
38 191 0.63
39 110 0.36
40 136 0.45
41 110 0.36
42 136 0.45
43 110 0.36
44 191 0.63
45 191 0.63
46 110 0.36
47 136 0.45
49 136 0.45
48 110 0.36
50 110 0.36
51 191 0.63
52 191 0.63
53 110 0.36
54 136 0.45
55 110 0.36
56 136 0.45
57 110 0.36
58 191 0.63
59 191 0.63
